[0.0, 0.46399266347709994, nan]
[4.021210094187297e-05, 0.46895042154328676, nan]
[8.155240287908154e-05, 0.487105825650588, nan]
[0.00012000520917610679, 0.5235512202944638, nan]
[0.0001600913819753273, 0.5962866069661668, nan]
[0.00020013946151698303, 0.728063746721274, nan]
[0.00024026099901172592, 0.9571441783938536, nan]
[0.0002800771579854119, 1.3458414148016584, nan]
[0.00032005542080367996, 2.0331843267221843, nan]
[0.00036016923757968783, 3.3613622461423267, nan]
[0.0004001400673405974, 6.399490055225233, nan]
[0.0004400150444127158, 16.48439322957079, nan]
[0.0004801021224267071, 140.4575677005426, nan]
[0.0005201892004406984, 497.8730095199134, nan]
[0.0005600641775128168, 107455.59770290053, nan]
[0.0006001512555268082, 1090918.1900072156, nan]
[0.0006400262325989266, 3.230778319214023e+44, nan]
[0.000680113310612918, 2.7155532913344895e+41, nan]
[0.0007202003886269092, 2.045629073507636e+37, nan]
[0.0007600753656990276, 1.3803099369831632e+33, nan]
[0.000800162443713019, 5.3680988208268416e+28, nan]
[0.0008400374207851374, 1.0351043642129638e+25, nan]
[0.0008801244987991288, 1.0681620804762184e+22, nan]
[0.0009202115768131202, 83618471.36706206, nan]
[0.0009600865538852385, 78230860.54924661, nan]
[0.0010001736318992298, 78828974.85826261, nan]
[0.0010400486089713482, 78803212.15476635, nan]
[0.0010801356869853396, 76262876.53973868, nan]
[0.001120010664057458, 79954071.09507708, nan]
[0.0011600977420714493, 78397011.36137493, nan]
[0.0012001848200854407, 80057573.15334976, nan]
[0.001240059797157559, 80731330.18766397, nan]
[0.0012801468751715505, 80680518.67245273, nan]
[0.0013200218522436689, 80072305.41788073, nan]
[0.0013601089302576602, 82716984.4830457, nan]
[0.0014001960082716516, 60125960.87529337, nan]
[0.00144007098534377, 19036197.388435375, nan]
[0.0014801580633577612, 12921237.612674346, nan]
[0.0015200330404298796, 25359891.716348574, nan]
[0.001560120118443871, 24471762.97986332, nan]
[0.0016002071964578623, 28394920.163576934, nan]
[0.0016400821735299807, 113350644.64309357, nan]
[0.001680169251543972, 21654682.21370772, nan]
[0.0017200442286160905, 96532453.38124423, nan]
[0.0017601313066300819, 27010614.427487824, nan]
[0.0018000062837022002, 21135337.982472975, nan]
[0.0018400933617161916, 32129636.487496343, nan]
[0.001880180439730183, 18983316.468518622, nan]
[0.0019200554168023014, 22149232.554051165, nan]
[0.0019601424948162928, 12401875.687848745, nan]
[0.002000017471888411, 166241712.72196874, nan]
[0.0020401045499024023, 15740130.35113145, nan]
[0.0020801916279163937, 32609660.950801305, nan]
[0.0021200666049885123, 43082119.93580277, nan]
[0.0021601536830025037, 15988137.550613716, nan]
